,Date,Title,Rating,Review
